cat_boost: 0.78468
dt: 0.75119
gb: 0.78229
gnb: 0.74880
knn: 0.77751
log_reg: 0.76555
sgd: 0.74162